11
6 3
7 4 1 2 9
9 5
96 24 6 2 1 3 12 48
9 1
96 24 6 2 1 3 12 48
9 9
96 24 6 2 1 3 12 48
2 1
1
2 2
1
3 2
1 5
99 50
15000000 15000000 15000000 15000000 15000000 15000000 15000000 15000000 15000000 15000000
15000000 15000000 15000000 15000000 15000000 15000000 15000000 15000000 15000000 15000000
15000000 15000000 15000000 15000000 15000000 15000000 15000000 15000000 15000000 15000000
15000000 15000000 15000000 15000000 15000000 15000000 15000000 15000000 15000000 15000000
15000000 15000000 15000000 15000000 15000000 15000000 15000000 15000000 15000000 15000000
15000000 15000000 15000000 15000000 15000000 15000000 15000000 15000000 15000000 15000000
15000000 15000000 15000000 15000000 15000000 15000000 15000000 15000000 15000000 15000000
15000000 15000000 15000000 15000000 15000000 15000000 15000000 15000000 15000000 15000000
15000000 15000000 15000000 15000000 15000000 15000000 15000000 15000000 15000000 15000000
15000000 15000000 15000000 15000000 15000000 15000000 15000000 15000000
6 3
1000 2 1 4 10000
1 1
6 3
1000 10 1 100 10000
//반례, left_left, left_right 와 time_left, time_right 의 값의 방향이 다른 경우
6 5
4 4 4 1 3